100 10 15 10
Wave 1:
E: 5 85, 36 20, 61 42, 54 84, 34 55, 0 77, 63 92, 40 80, 34 82, 52 6, 50 48, 94 86, 52 89, 6 29, 72 22
F: 42 26, 20 56, 74 20, 3 7, 5 62, 82 67, 99 54, 25 79, 49 31, 78 28, 29 57, 94 56, 11 88, 79 95, 97 8
W: 66 23, 89 97, 56 32, 65 20, 99 0, 31 13, 18 35, 43 88, 97 67, 5 90, 95 95, 19 18, 14 5, 39 83, 40 30
A: 79 91, 65 27, 47 43, 63 3, 89 58, 26 72, 20 59, 48 62, 25 82, 19 73, 6 55, 27 19, 31 57, 60 70, 89 69
Wave 2:
E: 63 84, 24 49, 99 58, 6 91, 30 20, 87 93, 83 29, 14 0, 42 44, 94 73, 59 85, 22 29, 43 3, 89 40, 75 97
F: 52 24, 41 88, 83 5, 33 0, 7 51, 58 19, 9 85, 0 95, 28 37, 70 68, 84 53, 26 12, 1 54, 65 57, 16 23
W: 10 66, 94 23, 44 26, 70 96, 15 14, 68 78, 75 9, 69 94, 90 42, 78 80, 38 2, 94 41, 9 14, 37 53, 75 72
A: 52 46, 65 82, 86 85, 38 13, 25 92, 93 94, 66 99, 52 90, 33 83, 73 48, 45 73, 51 13, 11 63, 52 47, 52 79
Wave 3:
E: 51 99, 64 21, 92 87, 62 49, 26 27, 33 29, 7 16, 45 80, 24 6, 83 9, 1 68, 56 22, 93 48, 2 76, 67 8
F: 31 11, 48 5, 63 58, 26 12, 7 61, 25 86, 65 4, 49 44, 65 93, 0 76, 84 38, 77 29, 3 89, 57 15, 87 33
W: 81 53, 81 98, 88 68, 79 23, 25 96, 13 20, 96 74, 18 35, 99 64, 25 66, 75 31, 99 92, 77 9, 71 72, 58 21
A: 49 91, 55 53, 76 21, 76 56, 89 81, 10 59, 78 71, 71 48, 10 71, 0 60, 8 96, 33 95, 12 50, 1 48, 57 95
Wave 4:
E: 72 73, 88 17, 41 14, 40 68, 97 43, 23 10, 50 96, 43 7, 31 61, 80 64, 73 44, 54 11, 71 30, 96 76, 40 30
F: 78 79, 38 85, 87 90, 37 73, 24 16, 78 80, 26 52, 78 48, 85 48, 1 42, 18 70, 46 63, 12 18, 1 64, 54 94
W: 30 24, 28 17, 37 65, 87 26, 38 29, 99 16, 14 7, 73 16, 9 47, 72 20, 73 80, 96 45, 8 9, 3 83, 40 98
A: 93 24, 53 88, 74 84, 91 4, 40 29, 2 19, 45 54, 74 67, 5 10, 53 74, 42 59, 19 41, 31 12, 69 12, 78 27
Wave 5:
E: 38 23, 91 66, 57 88, 54 40, 2 7, 95 68, 25 22, 67 80, 35 83, 88 92, 11 34, 53 44, 36 86, 53 12, 89 40
F: 71 68, 91 56, 6 21, 35 17, 63 51, 0 60, 32 29, 52 99, 12 60, 11 89, 89 18, 72 51, 0 24, 36 54, 56 98
W: 80 89, 10 79, 85 94, 72 72, 11 38, 66 99, 59 63, 8 80, 6 62, 33 2, 33 31, 56 37, 34 66, 11 94, 21 91
A: 30 24, 43 72, 94 81, 43 14, 62 16, 29 29, 4 25, 15 77, 97 71, 27 55, 2 67, 14 22, 59 8, 93 80, 11 33
Wave 6:
E: 97 82, 42 74, 7 97, 34 42, 22 91, 99 61, 54 48, 1 75, 50 39, 19 54, 51 23, 92 56, 77 51, 74 37, 59 97
F: 4 49, 78 59, 19 4, 81 40, 92 29, 26 39, 44 35, 23 58, 6 94, 99 54, 71 86, 9 53, 12 5, 76 9, 15 63
W: 11 46, 44 40, 16 7, 89 68, 20 13, 47 77, 90 51, 29 22, 13 18, 82 85, 74 18, 47 31, 84 27, 28 43, 69 21
A: 11 71, 98 62, 69 84, 98 81, 93 81, 68 87, 2 0, 0 54, 68 19, 74 70, 52 21, 39 74, 10 57, 40 40, 72 60
Wave 7:
E: 66 33, 23 52, 75 96, 40 7, 16 99, 49 73, 96 96, 83 47, 10 64, 64 60, 25 17, 53 41, 27 73, 89 46, 72 15
F: 39 92, 16 74, 73 7, 91 84, 34 0, 6 30, 20 26, 18 83, 88 12, 91 86, 46 22, 34 15, 76 9, 23 53, 60 28
W: 17 78, 64 40, 83 39, 90 78, 57 68, 88 61, 36 52, 68 87, 5 1, 65 63, 75 85, 53 89, 65 9, 83 79, 29 30
A: 12 27, 15 5, 60 98, 10 79, 3 53, 57 74, 51 88, 93 26, 42 24, 56 92, 78 57, 44 79, 85 18, 99 46, 67 40
Wave 8:
E: 50 17, 76 95, 22 85, 37 48, 46 36, 89 61, 84 55, 3 26, 23 3, 64 71, 10 71, 13 55, 31 99, 76 41, 47 27
F: 96 95, 79 75, 71 58, 70 44, 9 47, 19 6, 61 54, 67 83, 29 44, 34 28, 17 92, 45 47, 87 69, 74 41, 81 63
W: 59 20, 23 17, 71 13, 92 77, 96 43, 69 49, 35 13, 79 58, 61 25, 96 71, 79 6, 56 38, 24 93, 46 50, 1 83
A: 45 23, 86 85, 17 50, 21 13, 50 10, 87 89, 90 61, 45 22, 90 19, 34 15, 36 41, 68 21, 29 40, 24 85, 97 76
Wave 9:
E: 96 85, 45 78, 49 42, 46 78, 89 39, 48 4, 24 65, 59 86, 19 35, 65 42, 35 31, 89 72, 89 95, 39 9, 78 75
F: 81 53, 65 53, 61 36, 6 50, 4 48, 81 40, 24 16, 45 82, 23 38, 17 41, 6 32, 6 29, 34 66, 37 23, 64 76
W: 93 18, 8 62, 39 27, 46 52, 16 64, 75 25, 81 49, 97 81, 97 75, 54 86, 55 61, 86 99, 29 82, 11 98, 31 2
A: 81 12, 0 84, 70 43, 41 91, 67 98, 76 62, 26 77, 4 85, 19 22, 10 25, 39 96, 7 5, 42 52, 74 44, 11 62
Wave 10:
E: 74 91, 49 87, 46 39, 18 39, 12 74, 55 65, 9 43, 20 77, 53 10, 86 16, 85 93, 29 92, 6 29, 91 92, 97 47
F: 67 79, 83 23, 70 90, 22 56, 76 55, 76 84, 70 82, 70 21, 88 18, 66 92, 34 2, 13 63, 11 88, 97 57, 88 59
W: 0 20, 45 46, 4 74, 93 5, 23 87, 36 42, 53 87, 63 21, 2 3, 28 9, 96 6, 48 51, 86 15, 88 46, 61 30
A: 52 40, 87 10, 26 49, 33 29, 94 74, 43 81, 76 29, 22 68, 70 63, 44 57, 64 54, 57 92, 25 46, 96 63, 92 62
